$ python -m df_llm_helper metrics
echtzeit;spieldatum;buerger;erwachsene;kinder;ohne_auftrag;mahlzeiten;getraenke;pflanzen;tierkadaver;zwergenleichen;trup
2026-10-02 08:07:37;12. Hematite, Jahr 102;24;23;1;7;52;109;25;;0;6;63;0;;;;0
2026-10-02 08:07:50;26. Opal, Jahr 116;176;122;54;22;231;653;153;;0;28;0;3;;;;0
2026-10-02 08:08:00;26. Opal, Jahr 116;176;122;54;24;229;652;153;;0;28;0;3;;;;0
2026-10-02 08:29:21;12. Hematite, Jahr 102;24;23;1;7;52;109;25;;0;6;63;0;;;;0
2026-10-02 11:53:41;27. Granite, Jahr 118;174;119;55;68;176;512;174;;0;27;0;5;;;;1
2026-10-02 11:53:44;27. Granite, Jahr 118;174;119;55;68;176;512;174;;0;27;0;5;;;;1
2026-10-02 11:53:47;27. Granite, Jahr 118;174;119;55;68;176;512;174;;0;27;0;5;;;;1
2026-10-02 11:59:01;27. Granite, Jahr 118;174;119;55;68;176;512;174;;0;27;0;5;;;;1
2026-10-02 11:59:17;27. Granite, Jahr 118;174;119;55;68;176;512;174;;0;27;0;5;;;;1
[exit=0]
